	A	C	D	E	F	G	H	I	K	L	M	N	P	Q	R	S	T	V	W	Y
1	0.0482877679169178	0.0014239824377000332	0.016144998371601105	0.03900565207004547	0.003983218222856522	0.04599357768893242	0.4834144711494446	0.0055444249883294106	0.009980722330510616	0.060320377349853516	0.08136237412691116	0.006176402326673269	0.04982255771756172	0.006792731117457151	0.01579827070236206	0.08188295364379883	0.021159915253520012	0.015445169992744923	0.004098193719983101	0.003362206509336829
2	0.0011222058674320579	0.0005571868387050927	0.001157319056801498	0.003255680436268449	0.020044824108481407	0.00038649237831123173	0.0010946930851787329	0.008015995845198631	0.0005269504035823047	0.881353497505188	0.028614811599254608	0.003909628372639418	0.022970493882894516	0.006370164919644594	0.0032050437293946743	0.0013143233954906464	0.0028973636217415333	0.0017013037577271461	0.002667875960469246	0.008834240026772022
3	0.023165857419371605	0.016034992411732674	0.009778734296560287	0.02207362651824951	0.013010755181312561	0.0010923363734036684	0.007624591700732708	0.03439808264374733	0.15423773229122162	0.008399911224842072	0.08986349403858185	0.02247912809252739	0.0004709878412541002	0.034791503101587296	0.5343105792999268	0.010643228888511658	0.0019861883483827114	0.005650361534208059	0.0012940604938194156	0.008693882264196873
4	0.11677899211645126	0.021875916048884392	0.1652354747056961	0.04373716190457344	0.004886570852249861	0.15006600320339203	0.024148879572749138	0.0005574061069637537	0.0011933745117858052	0.0012794770300388336	0.0006529845995828509	0.02282676473259926	0.19987235963344574	0.007476936560124159	0.0024536140263080597	0.1948399394750595	0.021490085870027542	0.002665860578417778	0.008359500207006931	0.009602666832506657
5	0.009430650621652603	0.0014721947954967618	0.018117370083928108	0.1256127655506134	0.43617719411849976	0.0033349578734487295	0.008474941365420818	0.06888335943222046	0.004672924522310495	0.03640769049525261	0.013158734887838364	0.005343637429177761	0.0002581423905212432	0.016237862408161163	0.023041583597660065	0.015766240656375885	0.0437660738825798	0.11762988567352295	0.0171220600605011	0.03509168326854706
6	0.05770006775856018	0.009436996653676033	0.007453603204339743	0.048104170709848404	0.09727447479963303	0.0036920153070241213	0.11046113073825836	0.01160446647554636	0.015707537531852722	0.0032713075634092093	0.013576674275100231	0.00957433134317398	0.0008325310773216188	0.25360915064811707	0.010062823072075844	0.03674248233437538	0.034769587218761444	0.09705106914043427	0.13954363763332367	0.039531953632831573
7	0.22328507900238037	0.017765657976269722	0.05035063624382019	0.08865205943584442	0.07740534842014313	0.008452925831079483	0.031785186380147934	0.003833732334896922	0.003330848878249526	0.0017981842393055558	0.006113120354712009	0.014784207567572594	0.012048899196088314	0.016917245462536812	0.014713278971612453	0.2479010671377182	0.09884446114301682	0.03655358776450157	0.014983071945607662	0.030481360852718353
8	0.05214643105864525	0.004355771467089653	0.0468851774930954	0.07420116662979126	0.004742863588035107	0.04082868620753288	0.01706269383430481	0.01539895124733448	0.04068366810679436	0.03825271874666214	0.0156844649463892	0.03916636481881142	0.003891765372827649	0.06264831125736237	0.13778357207775116	0.13729391992092133	0.2090671807527542	0.04958037659525871	0.003336227498948574	0.006989707704633474
9	0.0024528035428375006	0.0012199673801660538	0.0007815500721335411	0.00484683271497488	0.00038714485708624125	0.00010486259270692244	8.36662802612409e-05	0.012811163440346718	0.0005277941818349063	0.908038318157196	0.01871141977608204	0.0012406309833750129	0.0019029967952519655	0.0023209848441183567	0.0018377028172835708	0.0005092552164569497	0.007920156233012676	0.0337272584438324	0.00031360393040813506	0.00026194393285550177
