	A	C	D	E	F	G	H	I	K	L	M	N	P	Q	R	S	T	V	W	Y
1	0.07327889651060104	0.001955565996468067	0.02770210988819599	0.04758742079138756	0.003349518636241555	0.13978317379951477	0.35499250888824463	0.0030824460554867983	0.010759697295725346	0.02295587584376335	0.030578644946217537	0.009411465376615524	0.00937367882579565	0.009351201355457306	0.014958290383219719	0.1944703757762909	0.02947210520505905	0.012022387236356735	0.0024540203157812357	0.002460528165102005
2	0.005849368404597044	0.0006861318252049387	0.0036820084787905216	0.003966556396335363	0.09792134165763855	0.002648337045684457	0.002582536544650793	0.0015123597113415599	0.0005949201877228916	0.8173268437385559	0.016682440415024757	0.003195070894435048	0.0012576384469866753	0.005316786002367735	0.0018595318542793393	0.004649260081350803	0.0009675364126451313	0.000287150643998757	0.005949619226157665	0.023064548149704933
3	0.03775874897837639	0.020309340208768845	0.027095092460513115	0.04521259665489197	0.027995435521006584	0.0032964020501822233	0.018428970128297806	0.20640403032302856	0.15746095776557922	0.03805797919631004	0.08186385780572891	0.023912912234663963	0.0010616371873766184	0.050621598958969116	0.18272672593593597	0.013267381116747856	0.00704693328589201	0.04190082103013992	0.0039467294700443745	0.011631843633949757
4	0.03260674327611923	0.017269520089030266	0.2613646686077118	0.15175515413284302	0.0031525271479040384	0.026855550706386566	0.008132919669151306	0.0031558165792375803	0.0030000319238752127	0.0027938783168792725	0.00216406537219882	0.08634164184331894	0.028705326840281487	0.021860245615243912	0.004879659507423639	0.17667412757873535	0.1410072296857834	0.016386035829782486	0.004769459832459688	0.007125382777303457
5	0.3127968907356262	0.02164425514638424	0.04630370810627937	0.07311592251062393	0.012463213875889778	0.014215877279639244	0.005356544628739357	0.032014913856983185	0.0024460270069539547	0.015114949084818363	0.006449947599321604	0.03703079745173454	0.0009321661782450974	0.02030516229569912	0.011019060388207436	0.14692358672618866	0.07200987637042999	0.13974504172801971	0.009036708623170853	0.021075330674648285
6	0.027338508516550064	0.015178774483501911	0.010412794537842274	0.10797052085399628	0.09874830394983292	0.000775527732912451	0.02025541663169861	0.055663567036390305	0.037406641989946365	0.013588977046310902	0.04230957105755806	0.007369553670287132	0.018924370408058167	0.10475439578294754	0.026194026693701744	0.016663597896695137	0.11409278959035873	0.20260198414325714	0.03789509832859039	0.04185564070940018
7	0.051477450877428055	0.02866279147565365	0.09122334420681	0.06782501935958862	0.0922369658946991	0.02352278307080269	0.052961304783821106	0.0027001365087926388	0.006912684999406338	0.018876291811466217	0.013307520188391209	0.045853450894355774	0.02454935759305954	0.0328715518116951	0.024570830166339874	0.08077635616064072	0.030300796031951904	0.02151806652545929	0.011431227438151836	0.2784219980239868
8	0.02577800489962101	0.0287533700466156	0.14491592347621918	0.13314218819141388	0.010733232833445072	0.006098009180277586	0.011389842256903648	0.02889973483979702	0.023634755983948708	0.04835497587919235	0.03534334525465965	0.09442795813083649	0.011980623006820679	0.06655377149581909	0.04812789708375931	0.08896271884441376	0.12677216529846191	0.04886513948440552	0.008179811760783195	0.009086457081139088
9	0.054671622812747955	0.016715576872229576	0.07561787217855453	0.10737735778093338	0.0918196514248848	0.08623936027288437	0.012181658297777176	0.03405563160777092	0.004819741938263178	0.1434868425130844	0.030306097120046616	0.0217584241181612	0.09053302556276321	0.019153786823153496	0.014190174639225006	0.05023666098713875	0.03372737765312195	0.04620630294084549	0.030057597905397415	0.03684530779719353
