	A	C	D	E	F	G	H	I	K	L	M	N	P	Q	R	S	T	V	W	Y
1	0.07050517201423645	0.002011176198720932	0.022420046851038933	0.03305458649992943	0.006878117099404335	0.058268219232559204	0.4463177025318146	0.004392921458929777	0.009680408984422684	0.060606494545936584	0.12063892930746078	0.01041738223284483	0.024222519248723984	0.007086077705025673	0.017433932051062584	0.06302524358034134	0.019106965512037277	0.01083790510892868	0.006836186163127422	0.006260056048631668
2	0.002643896732479334	0.0006357684615068138	0.0020732185803353786	0.003865811275318265	0.0470593236386776	0.00031354979728348553	0.0029658328276127577	0.0030073951929807663	0.0009154201252385974	0.8391096591949463	0.01668398268520832	0.008339074440300465	0.011093372479081154	0.004868174437433481	0.005304544698446989	0.0021859025582671165	0.0015811860794201493	0.0010421208571642637	0.01305999793112278	0.03325174003839493
3	0.02086629718542099	0.008262344636023045	0.02519935369491577	0.02147204801440239	0.14706869423389435	0.001396275358274579	0.0441490113735199	0.061448633670806885	0.08192086219787598	0.07813949882984161	0.13584908843040466	0.025763634592294693	0.0011788265546783805	0.03926083818078041	0.18046998977661133	0.008796115405857563	0.002206125995144248	0.009220138192176819	0.01277079712599516	0.09456147253513336
4	0.06785071641206741	0.007639813236892223	0.38457199931144714	0.027665769681334496	0.003482184838503599	0.10253621637821198	0.012285353615880013	0.00021117406140547246	0.0010998733341693878	0.0006174030131660402	0.0006018162239342928	0.04334161803126335	0.004668583162128925	0.006847104988992214	0.0018552241381257772	0.27802354097366333	0.03572514280676842	0.0014022354735061526	0.011322975158691406	0.008251273073256016
5	0.06934211403131485	0.02610953338444233	0.01886018179357052	0.03957020491361618	0.14852076768875122	0.30643805861473083	0.01426243968307972	0.007301642559468746	0.01295990776270628	0.013285836204886436	0.01672712154686451	0.07884197682142258	0.004187253303825855	0.04581766575574875	0.04253673925995827	0.06609546393156052	0.030224181711673737	0.014511605724692345	0.010803399607539177	0.03360385447740555
6	0.0888296365737915	0.014822034165263176	0.011786853894591331	0.04841288924217224	0.04800596833229065	0.0025264648720622063	0.06859872490167618	0.009949498809874058	0.055125750601291656	0.0049154311418533325	0.013904171995818615	0.016531342640519142	0.009254486300051212	0.30030640959739685	0.018761616200208664	0.07405834645032883	0.05659513548016548	0.05884983763098717	0.08046823740005493	0.018297232687473297
7	0.0825134739279747	0.04654381796717644	0.010922585614025593	0.08758995682001114	0.002783388365060091	0.003180799074470997	0.004485058598220348	0.009144427254796028	0.0018324407283216715	0.006154830101877451	0.04847569391131401	0.03675626590847969	0.01755867898464203	0.12469149380922318	0.015533861704170704	0.0807267278432846	0.16950778663158417	0.2423921823501587	0.006268820725381374	0.0029376468155533075
8	0.06030835211277008	0.008343233726918697	0.01620429754257202	0.0232436191290617	0.0017274549463763833	0.026856785640120506	0.016950909048318863	0.013438187539577484	0.020717715844511986	0.0019321123836562037	0.006721464451402426	0.03717399016022682	0.2406703680753708	0.025200771167874336	0.08549344539642334	0.13789582252502441	0.230284184217453	0.04227618873119354	0.0007469002739526331	0.0038141258992254734
9	0.0077074007131159306	0.0034734858199954033	0.006569205317646265	0.029682572931051254	0.000703534868080169	0.0008153833914548159	0.0003697654465213418	0.01915336400270462	0.001385661424137652	0.787742555141449	0.08180268108844757	0.005328543949872255	0.0012545011704787612	0.013103436678647995	0.004097966942936182	0.0019297862891107798	0.014695348218083382	0.019507987424731255	0.00040691191679798067	0.00026998569956049323
