	A	C	D	E	F	G	H	I	K	L	M	N	P	Q	R	S	T	V	W	Y
1	0.03367886319756508	0.001234544557519257	0.02082555741071701	0.03623473644256592	0.004260874819010496	0.06114983931183815	0.45965543389320374	0.00401341263204813	0.011129757389426231	0.07093700766563416	0.09620855003595352	0.007913421839475632	0.037353046238422394	0.005416178144514561	0.014494388364255428	0.10184208303689957	0.01948484778404236	0.007076566107571125	0.004345547407865524	0.002745392732322216
2	0.0006731561734341085	0.00020589180348906666	0.00055125099606812	0.000884208595380187	0.007458081468939781	0.00020270633103791624	0.0003319053503219038	0.005661307368427515	0.0002070071641355753	0.946169376373291	0.020882224664092064	0.001835914677940309	0.0063242241740226746	0.0014447226421907544	0.0012104327324777842	0.0010248390026390553	0.0008299493347294629	0.00039208686212077737	0.0010229480685666203	0.0026879142969846725
3	0.010975453071296215	0.004305002745240927	0.012123274616897106	0.02451271004974842	0.018096312880516052	0.0021325082052499056	0.010999802500009537	0.10359784960746765	0.18056921660900116	0.008453057147562504	0.09673285484313965	0.016633884981274605	0.0011892785551026464	0.04668182134628296	0.43249672651290894	0.0062398845329880714	0.003471449250355363	0.010796943679451942	0.000896391982678324	0.009095537476241589
4	0.06403848528862	0.009943734854459763	0.24054890871047974	0.05799252539873123	0.012338463217020035	0.1295844465494156	0.03216395899653435	0.0015499938745051622	0.0026305352803319693	0.0017157006077468395	0.0007384127820841968	0.08291186392307281	0.051111411303281784	0.007555069867521524	0.005216883961111307	0.2021089345216751	0.0418279655277729	0.0067271217703819275	0.016720760613679886	0.03257490321993828
5	0.007412894628942013	0.0029975110664963722	0.016389945521950722	0.1324775665998459	0.029457837343215942	0.0015326753491535783	0.012192302383482456	0.15657329559326172	0.030287571251392365	0.07676047831773758	0.025445738807320595	0.011088108643889427	0.0004395543655846268	0.04231889173388481	0.1431056410074234	0.01601570099592209	0.08073150366544724	0.1605849415063858	0.01258269976824522	0.04160516709089279
6	0.027686316519975662	0.006112325936555862	0.0021773341577500105	0.03720788657665253	0.017155734822154045	0.001102954731322825	0.03222507983446121	0.0016840057214722037	0.021683955565094948	0.0007864839280955493	0.010881590656936169	0.007722512818872929	0.00023119873367249966	0.7386181354522705	0.006096631288528442	0.013082589022815228	0.016127541661262512	0.021522462368011475	0.02907594107091427	0.008819419890642166
7	0.01375004556030035	0.0047134398482739925	0.02638275735080242	0.013722924515604973	0.4879804253578186	0.0007636875961907208	0.10378257930278778	0.00019395872368477285	0.00710223987698555	0.002433830639347434	0.0040230038575828075	0.023923775181174278	0.0015174327418208122	0.005548378918319941	0.053714100271463394	0.03635500371456146	0.00627327524125576	0.0010778454598039389	0.01950087957084179	0.18724040687084198
8	0.06203461438417435	0.0047247568145394325	0.0780472457408905	0.0697932243347168	0.004725329577922821	0.048605963587760925	0.0267240758985281	0.007576419040560722	0.0273441132158041	0.19751495122909546	0.013046860694885254	0.07916111499071121	0.0035491441376507282	0.07871300727128983	0.06492167711257935	0.16455665230751038	0.04755309596657753	0.007896545343101025	0.00243406486697495	0.011077106930315495
9	0.011656108312308788	0.005882797297090292	0.0038848165422677994	0.052293211221694946	0.0012837867252528667	0.0010395505232736468	0.000798081629909575	0.015209004282951355	0.0059373583644628525	0.5905137658119202	0.06509730219841003	0.004023918882012367	0.08795023709535599	0.023221619427204132	0.026861200109124184	0.004897977691143751	0.025349678471684456	0.07248340547084808	0.0012183598009869456	0.0003977315791416913
