	A	C	D	E	F	G	H	I	K	L	M	N	P	Q	R	S	T	V	W	Y
1	0.0538979098200798	0.0018749659648165107	0.017518138512969017	0.025117551907896996	0.004787548445165157	0.060968682169914246	0.480363130569458	0.005296362563967705	0.007924026809632778	0.04112250357866287	0.04147158935666084	0.007513899356126785	0.02028735913336277	0.004638607148081064	0.010917575098574162	0.1673535257577896	0.03150240704417229	0.010723617859184742	0.003016382222995162	0.0037042966578155756
2	0.03413848578929901	0.005936121102422476	0.010342939756810665	0.017800118774175644	0.096593476831913	0.007150853052735329	0.011994107626378536	0.040950555354356766	0.002707695821300149	0.5030407309532166	0.025969795882701874	0.009474859572947025	0.03888603672385216	0.012739036232233047	0.01514850277453661	0.02968153916299343	0.02383085899055004	0.012743677943944931	0.022596433758735657	0.07827406376600266
3	0.053102944046258926	0.020909002050757408	0.04702448472380638	0.031167523935437202	0.05589592084288597	0.008914180099964142	0.010776493698358536	0.3016485571861267	0.020381316542625427	0.1157272532582283	0.08835968375205994	0.03388989344239235	0.0143286706879735	0.020203374326229095	0.05623578652739525	0.03163750097155571	0.013597610406577587	0.041217558085918427	0.012933263555169106	0.022048987448215485
4	0.08915784955024719	0.032011549919843674	0.10818883031606674	0.07010415941476822	0.0033534085378050804	0.5278621912002563	0.008218931965529919	0.0008528257603757083	0.003915190696716309	0.002350046532228589	0.00131161545868963	0.013714156113564968	0.018634481355547905	0.017589004710316658	0.006191920023411512	0.07603408396244049	0.008762133307754993	0.002041058847680688	0.00489768385887146	0.004808896221220493
5	0.05512746050953865	0.02115160971879959	0.09423244744539261	0.056757234036922455	0.12251435965299606	0.08268414437770844	0.04506509378552437	0.03012159653007984	0.007840970531105995	0.09121783822774887	0.029963862150907516	0.0411643385887146	0.01737177185714245	0.026236454024910927	0.011900891549885273	0.07913514971733093	0.08635219931602478	0.041807569563388824	0.009659319184720516	0.04969577491283417
6	0.04595193266868591	0.025288542732596397	0.02938009239733219	0.06401102989912033	0.12728631496429443	0.00803934596478939	0.07465298473834991	0.026984311640262604	0.054768156260252	0.007886474952101707	0.014534791931509972	0.031040331348776817	0.00132090225815773	0.06694553047418594	0.03622381389141083	0.06874410808086395	0.036276038736104965	0.0553901270031929	0.02267824485898018	0.2025969922542572
7	0.18273591995239258	0.008490277454257011	0.06678944826126099	0.10238727182149887	0.025230448693037033	0.01640777662396431	0.04436760023236275	0.005028805695474148	0.0568665936589241	0.020833948627114296	0.007203481625765562	0.025494635105133057	0.012561971321702003	0.1430891752243042	0.05487697944045067	0.1283695101737976	0.039500217884778976	0.013245218433439732	0.013218123465776443	0.033302534371614456
8	0.020254073664546013	0.00671264948323369	0.1875142902135849	0.06916651874780655	0.0010834932327270508	0.023796604946255684	0.005817169789224863	0.010226855054497719	0.008481478318572044	0.025960789993405342	0.0017040240345522761	0.07203424721956253	0.348277747631073	0.023181401193141937	0.0210275799036026	0.0639573410153389	0.08530449867248535	0.02187296561896801	0.0010112823219969869	0.002615065313875675
9	0.018639296293258667	0.012425251305103302	0.23641721904277802	0.137583926320076	0.05014367774128914	0.010659965686500072	0.00988150853663683	0.03748643770813942	0.0030283688101917505	0.06888647377490997	0.014023148454725742	0.025564881041646004	0.11667722463607788	0.011837759986519814	0.013534065335988998	0.08956179767847061	0.055699750781059265	0.038960911333560944	0.02846081368625164	0.020527545362710953
