	A	C	D	E	F	G	H	I	K	L	M	N	P	Q	R	S	T	V	W	Y
1	0.05246564745903015	0.006843761540949345	0.030370790511369705	0.03307456150650978	0.01322897057980299	0.06311769783496857	0.20473189651966095	0.01746099628508091	0.014522770419716835	0.09991254657506943	0.09667271375656128	0.017437994480133057	0.15628811717033386	0.007421316113322973	0.0182325541973114	0.08361544460058212	0.030598850920796394	0.03280806541442871	0.009010668843984604	0.01218457706272602
2	0.01916993223130703	0.016004376113414764	0.01568501815199852	0.01062056329101324	0.09360184520483017	0.02533707208931446	0.00829754676669836	0.06904911994934082	0.0038073554169386625	0.30559515953063965	0.06250440329313278	0.0196559838950634	0.14937233924865723	0.009997955523431301	0.013407764956355095	0.02751133032143116	0.017139015719294548	0.06009920686483383	0.026681995019316673	0.046462032943964005
3	0.04361410066485405	0.030568325892090797	0.017354995012283325	0.031242776662111282	0.020047949627041817	0.10685056447982788	0.01278437115252018	0.02843121811747551	0.10026343911886215	0.12050456553697586	0.06052423268556595	0.08899932354688644	0.0003456100239418447	0.07170792669057846	0.18265290558338165	0.035475000739097595	0.01719760149717331	0.015663329511880875	0.0028561241924762726	0.012915587984025478
4	0.0023157394025474787	0.0013317330740392208	0.0038622519932687283	0.0031270564068108797	0.0005038404488004744	0.97066730260849	0.0009269651491194963	0.00013865684741176665	0.002146710641682148	0.0004480190109461546	9.384434815729037e-05	0.002279289299622178	0.0017638818826526403	0.0013086324324831367	0.0018222153885290027	0.00481121800839901	0.0010944193927571177	0.00013939919881522655	0.0003189324925187975	0.0008998732082545757
5	0.06156323850154877	0.017507316544651985	0.18986476957798004	0.038728680461645126	0.014470180496573448	0.08374279737472534	0.010366328060626984	0.015439720824360847	0.003159782150760293	0.00980271864682436	0.0044045825488865376	0.05848780646920204	0.00620977021753788	0.009479043073952198	0.007418240886181593	0.2768270671367645	0.15141519904136658	0.0270514115691185	0.0030990743543952703	0.01096220500767231
6	0.025395583361387253	0.008915101177990437	0.02333335392177105	0.06010571867227554	0.3904882073402405	0.003586035454645753	0.05269179120659828	0.0352223701775074	0.015930678695440292	0.012600296176970005	0.007704263087362051	0.018365614116191864	0.0011053532361984253	0.0415361262857914	0.016079341992735863	0.029454760253429413	0.03162639960646629	0.0718921646475792	0.07460062950849533	0.07936619967222214
7	0.17631563544273376	0.017902527004480362	0.1570894718170166	0.13538727164268494	0.007875296287238598	0.013485383242368698	0.011025262996554375	0.006946279667317867	0.004673005547374487	0.02639819122850895	0.00728245684877038	0.06012645736336708	0.009141957387328148	0.025283029302954674	0.010256890207529068	0.2148175835609436	0.06709443032741547	0.0323096364736557	0.0038041810039430857	0.012785050086677074
8	0.15796390175819397	0.01559498067945242	0.06234706565737724	0.06474296748638153	0.0022863636258989573	0.02219342067837715	0.005708941258490086	0.010891811922192574	0.0024260825011879206	0.029566645622253418	0.0029548094607889652	0.08750154078006744	0.004262812435626984	0.021559542044997215	0.005966360680758953	0.21801316738128662	0.2184298038482666	0.06231999769806862	0.0008793440647423267	0.00439050979912281
9	0.0017217835411429405	0.0007130525773391128	0.0009768708841875196	0.0029927431605756283	0.0020060439128428698	0.0019326453329995275	0.0004181689873803407	0.0016403368208557367	8.142950537148863e-05	0.0010166300926357508	0.0002313593286089599	0.00044961649109609425	0.9783384203910828	0.0003670194710139185	0.00012053614045726135	0.0018287773709744215	0.0008531754137948155	0.0027111168019473553	0.0002999050193466246	0.0013003925560042262
