	A	C	D	E	F	G	H	I	K	L	M	N	P	Q	R	S	T	V	W	Y
1	0.07756361365318298	0.003820238634943962	0.029533566907048225	0.04095414653420448	0.005573764443397522	0.1874886453151703	0.22447746992111206	0.009923482313752174	0.014169158414006233	0.04721224308013916	0.05588909238576889	0.012948058545589447	0.02693924680352211	0.00910104438662529	0.022624162957072258	0.16032998263835907	0.032325346022844315	0.03105809912085533	0.0036420270334929228	0.004426700994372368
2	0.0188992191106081	0.008450391702353954	0.009638131596148014	0.009257602505385876	0.05279551073908806	0.026544971391558647	0.004447744227945805	0.08114426583051682	0.004928430542349815	0.5265665650367737	0.039404213428497314	0.020390233024954796	0.03045075014233589	0.009438580833375454	0.021280935034155846	0.023576516658067703	0.020239436998963356	0.06133703514933586	0.015116967260837555	0.01609247550368309
3	0.071980319917202	0.024646449834108353	0.01713424175977707	0.033365827053785324	0.02678808756172657	0.07525848597288132	0.018496833741664886	0.016769196838140488	0.14887544512748718	0.10089395940303802	0.060687825083732605	0.06545199453830719	0.001364589435979724	0.05706348642706871	0.20757678151130676	0.033420249819755554	0.008289236575365067	0.009042976424098015	0.003979357425123453	0.018914632499217987
4	0.05302371084690094	0.01732630468904972	0.08850540965795517	0.09631466865539551	0.004804021213203669	0.08671297132968903	0.024886038154363632	0.010964525863528252	0.03858577460050583	0.02011299692094326	0.005060140509158373	0.11446799337863922	0.01892617531120777	0.0704616829752922	0.06347263604402542	0.09895177185535431	0.12314751744270325	0.04877987131476402	0.005045656114816666	0.010450003668665886
5	0.05406775325536728	0.018812337890267372	0.01156723964959383	0.03676706925034523	0.016638606786727905	0.00958995334804058	0.015438368543982506	0.0870218575000763	0.01301102340221405	0.1631789207458496	0.02485228143632412	0.05210753530263901	0.007624962832778692	0.08387349545955658	0.11223499476909637	0.06533412635326385	0.07241862267255783	0.1251501888036728	0.011845349334180355	0.01846519112586975
6	0.010593900457024574	0.07017593830823898	0.04919781908392906	0.031787026673555374	0.22541691362857819	0.0015700467629358172	0.027819879353046417	0.035173509269952774	0.002496834145858884	0.22673094272613525	0.04442373290657997	0.05236222594976425	0.00022174447076395154	0.028272608295083046	0.005474891513586044	0.03860798478126526	0.07327335327863693	0.05247693136334419	0.008301390334963799	0.015622339211404324
7	0.017732689157128334	0.0006774229696020484	0.0027978657744824886	0.003327134530991316	0.0012418142287060618	0.001784107182174921	0.0009243437089025974	0.0001973072940018028	0.00037366189644671977	0.0004537814820650965	0.0004070496070198715	0.001143013359978795	0.9529837369918823	0.001724648172967136	0.0012822432909160852	0.008555454201996326	0.002101560588926077	0.000708624953404069	0.0003505845961626619	0.0012329573510214686
8	0.08060082793235779	0.017947733402252197	0.10058881342411041	0.04541347920894623	0.0003810088091995567	0.02736016735434532	0.0017076721414923668	0.0033799626398831606	0.0016626615542918444	0.0032860038336366415	0.0020425738766789436	0.14188092947006226	0.00119600142352283	0.024518461897969246	0.007435735780745745	0.2641879618167877	0.22805066406726837	0.047559820115566254	0.00017680828750599176	0.0006226709811016917
9	0.004519926384091377	0.003479864913970232	0.0045213703997433186	0.005788201000541449	0.001270673586986959	0.001114949700422585	0.0006029948708601296	0.0028034928254783154	0.0003800767590291798	0.0017786246025934815	0.0004299814172554761	0.0016055743908509612	0.9497331380844116	0.0008547678589820862	0.0004716716939583421	0.0046715568751096725	0.0043604387901723385	0.009968210943043232	0.0006327065057121217	0.0010117986239492893
