	A	C	D	E	F	G	H	I	K	L	M	N	P	Q	R	S	T	V	W	Y
1	0.03786414489150047	0.0014584694290533662	0.018937652930617332	0.036807116121053696	0.0023481028620153666	0.08749565482139587	0.511211097240448	0.004458326380699873	0.011120287701487541	0.02248547039926052	0.02630898915231228	0.009300167672336102	0.010231434367597103	0.005921350326389074	0.01479765959084034	0.16370950639247894	0.019636018201708794	0.010917696170508862	0.0033142007887363434	0.0016766305780038238
2	0.00680678291246295	0.001964614959433675	0.0062438552267849445	0.006650356575846672	0.03440811485052109	0.0025246178265661	0.0025683753192424774	0.05590874329209328	0.0009098450536839664	0.8030109405517578	0.018755929544568062	0.006361932959407568	0.0032565391156822443	0.0038937367498874664	0.0037877452559769154	0.01050050463527441	0.006380225066095591	0.008334589190781116	0.0067276908084750175	0.011004858650267124
3	0.01827372796833515	0.024179033935070038	0.05484004318714142	0.05894331634044647	0.2735428512096405	0.0018978964071720839	0.05976525694131851	0.07542528212070465	0.009252151474356651	0.12796393036842346	0.06827908754348755	0.04979316145181656	0.0010687274625524879	0.016683006659150124	0.015723055228590965	0.020253930240869522	0.004203192889690399	0.01707766391336918	0.012928808107972145	0.08990593254566193
4	0.0012507328065112233	0.0009045213228091598	0.0040024821646511555	0.001086356583982706	0.0002399868390057236	0.9777037501335144	0.00028746065800078213	3.1711857445770875e-05	0.00020203174790367484	0.00017799966735765338	5.0518388889031485e-05	0.0013836430152878165	0.006434982642531395	0.0005735470331273973	0.0005333139561116695	0.004331761971116066	0.0002683560596778989	2.4046163161983714e-05	9.72101915976964e-05	0.00041566730942577124
5	0.012779138050973415	0.0075983586721122265	0.037187449634075165	0.02413175255060196	0.015820907428860664	0.0020927665755152702	0.017805036157369614	0.12289822846651077	0.05592522770166397	0.1322564035654068	0.013339413329958916	0.06590001285076141	0.0015901338774710894	0.033813826739788055	0.13920295238494873	0.020434660837054253	0.07133153825998306	0.19106325507164001	0.007560093421489	0.027268875390291214
6	0.05175880342721939	0.03524215891957283	0.013809078373014927	0.11282210052013397	0.025217950344085693	0.0014306966913864017	0.020773375406861305	0.018073253333568573	0.03438468649983406	0.0020688632503151894	0.005676069762557745	0.01915229670703411	0.000943669758271426	0.3098995089530945	0.014045162126421928	0.03777191787958145	0.06761740148067474	0.20346221327781677	0.008777768351137638	0.017072992399334908
7	0.1254284530878067	0.02162923477590084	0.07852744311094284	0.04629696160554886	0.026494573801755905	0.01586729660630226	0.08635372668504715	0.007158363237977028	0.018398558720946312	0.004782876465469599	0.0029991716146469116	0.05843273550271988	0.1132388561964035	0.05148660019040108	0.024077968671917915	0.14643989503383636	0.054619550704956055	0.02002544328570366	0.046377405524253845	0.051364898681640625
8	0.027039989829063416	0.006411878392100334	0.09436915069818497	0.05492960289120674	0.0022145297843962908	0.05706644430756569	0.008233882486820221	0.01049854326993227	0.01600473001599312	0.04505592957139015	0.002895740559324622	0.07791420072317123	0.39176568388938904	0.03168138861656189	0.03687676787376404	0.08279045671224594	0.03418687358498573	0.014958860352635384	0.00120035361032933	0.0039050523191690445
9	0.01744193397462368	0.010944078676402569	0.1611006110906601	0.10101760923862457	0.04067724198102951	0.008178159594535828	0.008124416694045067	0.03526906296610832	0.004002959467470646	0.04668093100190163	0.009998088702559471	0.026973193511366844	0.3043951392173767	0.008344464004039764	0.008585560135543346	0.0636267215013504	0.05930725485086441	0.0471755713224411	0.014396688900887966	0.023760303854942322
