	A	C	D	E	F	G	H	I	K	L	M	N	P	Q	R	S	T	V	W	Y
1	0.07225269079208374	0.0044317785650491714	0.034493815153837204	0.040925994515419006	0.006476188078522682	0.11369145661592484	0.3322228789329529	0.015518078580498695	0.01343263778835535	0.04617338627576828	0.0559171698987484	0.01365705206990242	0.019096020609140396	0.0067299469374120235	0.014030280523002148	0.12149113416671753	0.04181520640850067	0.03844098001718521	0.003228608751669526	0.005974630359560251
2	0.033790916204452515	0.014331127516925335	0.020238587632775307	0.013943945989012718	0.07769952714443207	0.039108943194150925	0.010759116150438786	0.07992860674858093	0.004964458756148815	0.3040837347507477	0.03424616903066635	0.030131017789244652	0.08001181483268738	0.014352145604789257	0.015749525278806686	0.05951308086514473	0.04145839810371399	0.0632825493812561	0.027387913316488266	0.03501841798424721
3	0.08373506367206573	0.13590221107006073	0.010715650394558907	0.008346590213477612	0.027485208585858345	0.5345441102981567	0.005239633843302727	0.007582072634249926	0.0039873067289590836	0.037665463984012604	0.01263562310487032	0.009324446320533752	0.026608727872371674	0.008467263542115688	0.007522996980696917	0.0459425151348114	0.01060298178344965	0.007954811677336693	0.004409473855048418	0.011327854357659817
4	0.02214590460062027	0.006275727413594723	0.0374148003757	0.018703341484069824	0.0018444131128489971	0.7618402242660522	0.0036883035209029913	0.000916877354029566	0.006517772097140551	0.003901227843016386	0.0010073010344058275	0.023190760985016823	0.008992806077003479	0.010047283954918385	0.005623036529868841	0.06551437079906464	0.0168465506285429	0.0018489479552954435	0.0006955472636036575	0.0029848560225218534
5	0.13902343809604645	0.024004101753234863	0.08522619307041168	0.04971737042069435	0.011119954288005829	0.0961366593837738	0.015911541879177094	0.014845678582787514	0.03085438348352909	0.03182780370116234	0.012464534491300583	0.07249417901039124	0.04776856303215027	0.030880073085427284	0.08579513430595398	0.17398102581501007	0.038180865347385406	0.01776258833706379	0.004952203016728163	0.017053768038749695
6	0.040556881576776505	0.013388492166996002	0.024214906617999077	0.12510688602924347	0.028805909678339958	0.07754920423030853	0.01336723379790783	0.00981094315648079	0.04412386193871498	0.3509276509284973	0.08619285374879837	0.010201134718954563	0.00019290235650260001	0.08918704092502594	0.03441359102725983	0.02037760056555271	0.008356357924640179	0.005995656829327345	0.004140055738389492	0.01309081632643938
7	0.023656494915485382	0.007612947840243578	0.04665929451584816	0.051817186176776886	0.10314249247312546	0.007610979024320841	0.11850271373987198	0.006361344363540411	0.06574057042598724	0.024037541821599007	0.010854002088308334	0.07503939419984818	0.06019536405801773	0.05420604720711708	0.1258784979581833	0.04276192933320999	0.030859563499689102	0.018462540581822395	0.010035088285803795	0.11656603217124939
8	0.06537111103534698	0.010769511573016644	0.06304682791233063	0.05763871595263481	0.0004930705181322992	0.03752895072102547	0.001577031216584146	0.008214317262172699	0.0010296567343175411	0.015302563086152077	0.007066900376230478	0.0441431924700737	0.004143770784139633	0.4309232532978058	0.0017562510911375284	0.10355012863874435	0.1119382232427597	0.034415993839502335	0.0004919430357404053	0.0005985858151689172
9	0.00836393516510725	0.0026179985143244267	0.010065743699669838	0.011774135753512383	0.002696096897125244	0.00472676195204258	0.0010774770053103566	0.002367547480389476	0.0006571439444087446	0.0022611492313444614	0.0006123888306319714	0.0024308578576892614	0.9273011088371277	0.0014796219766139984	0.000871917000040412	0.008863765746355057	0.003619567723944783	0.0054101659916341305	0.001132928067818284	0.001669552642852068
