	A	C	D	E	F	G	H	I	K	L	M	N	P	Q	R	S	T	V	W	Y
1	0.0621216706931591	0.00154602387920022	0.018426990136504173	0.01976659707725048	0.0033555554691702127	0.04158424213528633	0.5594905614852905	0.004873744677752256	0.008217651396989822	0.03579765930771828	0.09685514122247696	0.00797281228005886	0.00612413277849555	0.004218454007059336	0.008459801785647869	0.0855797678232193	0.02022063173353672	0.00965913012623787	0.0032394526060670614	0.002490053651854396
2	0.012534286826848984	0.001079296926036477	0.005906892474740744	0.00529659865424037	0.055669717490673065	0.001906979945488274	0.001372740138322115	0.015627827495336533	0.0005801877705380321	0.82945716381073	0.030242877081036568	0.0035122311674058437	0.0030403321143239737	0.004039961379021406	0.0017734793946146965	0.010961946099996567	0.003285593120381236	0.002956743584945798	0.004439251497387886	0.006315851118415594
3	0.06799820810556412	0.0059070708230137825	0.02436615712940693	0.02113497629761696	0.1385413557291031	0.003215789794921875	0.015722842887043953	0.004889724776148796	0.028045427054166794	0.23066861927509308	0.30955177545547485	0.02188795804977417	0.0008785977843217552	0.030427737161517143	0.052404824644327164	0.02816697768867016	0.002652611816301942	0.001239193370565772	0.0021316877100616693	0.010168412700295448
4	0.19626416265964508	0.021270373836159706	0.1645498275756836	0.05165095999836922	0.004276007413864136	0.14506329596042633	0.022541504353284836	0.0001394126593368128	0.006511169485747814	0.0005714615690521896	0.0024922050070017576	0.0939786434173584	0.002415497787296772	0.0336151048541069	0.02087508887052536	0.21600843966007233	0.005559401586651802	0.0005118842236697674	0.0031233029440045357	0.00858231633901596
5	0.019573453813791275	0.00793485064059496	0.08041765540838242	0.11431378871202469	0.15286311507225037	0.0039011267945170403	0.030368564650416374	0.012062501162290573	0.006294787395745516	0.012038505636155605	0.008914469741284847	0.04419340193271637	0.006443406920880079	0.044092871248722076	0.027157999575138092	0.03833310306072235	0.022834433242678642	0.02578907459974289	0.19885237514972687	0.14362050592899323
6	0.015185777097940445	0.02205432578921318	0.049183763563632965	0.145342156291008	0.08792810887098312	0.005435519851744175	0.048345405608415604	0.054577071219682693	0.03614594042301178	0.031087933108210564	0.017254574224352837	0.045512981712818146	0.00033817256917245686	0.1170411929488182	0.025621850043535233	0.0295698344707489	0.09755763411521912	0.08604002743959427	0.023182936012744904	0.06259481608867645
7	0.06238028407096863	0.017369277775287628	0.060580555349588394	0.06982015818357468	0.07199633866548538	0.01048184558749199	0.07516684383153915	0.013782823458313942	0.024414043873548508	0.007841990329325199	0.010718770325183868	0.04539591446518898	0.1805226355791092	0.04631578549742699	0.04387917369604111	0.10957539826631546	0.06941570341587067	0.03904420882463455	0.009119890630245209	0.032178398221731186
8	0.21735185384750366	0.015357954427599907	0.023790869861841202	0.01599247381091118	0.00012087954382877797	0.5225643515586853	0.0009560873149894178	0.00013650525943376124	0.0007275675889104605	0.0005560358404181898	0.0005119182169437408	0.016179746016860008	0.0020381303038448095	0.005859862081706524	0.0019994662143290043	0.17125150561332703	0.0036661529447883368	0.0005470906617119908	7.793442637193948e-05	0.00031361993751488626
9	0.08875671029090881	0.02279594913125038	0.19849683344364166	0.26355117559432983	0.05293937772512436	0.053718190640211105	0.011324446648359299	0.02026822604238987	0.0032025284599512815	0.028567545115947723	0.015377810224890709	0.02089305780827999	0.002798214089125395	0.021239297464489937	0.005027138628065586	0.06292606145143509	0.04192442446947098	0.04155225679278374	0.01583479717373848	0.028805959969758987
