	A	C	D	E	F	G	H	I	K	L	M	N	P	Q	R	S	T	V	W	Y
1	0.05712759122252464	0.002186093246564269	0.03154145926237106	0.03930824622511864	0.0032379988115280867	0.053405653685331345	0.4680534899234772	0.006811761762946844	0.011086973361670971	0.04386231675744057	0.035700488835573196	0.012624756433069706	0.005242534913122654	0.0077653853222727776	0.014835650101304054	0.15224705636501312	0.032188400626182556	0.01683798059821129	0.0030604731291532516	0.002875740872696042
2	0.010732852853834629	0.002375745913013816	0.011588414199650288	0.014406824484467506	0.018274465575814247	0.002573701785877347	0.0062927622348070145	0.07158307731151581	0.001714623416773975	0.7319257855415344	0.00974171794950962	0.013789565302431583	0.0024625626392662525	0.01767735183238983	0.008171427063643932	0.013835065998136997	0.015465648844838142	0.01615309715270996	0.010665098205208778	0.020570266991853714
3	0.10726862400770187	0.016000455245375633	0.03546424210071564	0.01017794106155634	0.14229850471019745	0.04786619544029236	0.008423457853496075	0.023259876295924187	0.003961381036788225	0.029826615005731583	0.09554367512464523	0.015599160455167294	0.2382480800151825	0.008562842383980751	0.01970652863383293	0.11742933094501495	0.03564048558473587	0.012475540861487389	0.021312465891242027	0.010934689082205296
4	0.016322268173098564	0.009140564128756523	0.04670536145567894	0.012585025280714035	0.0016511102439835668	0.7873033881187439	0.004285644274204969	0.00036290939897298813	0.004578712861984968	0.0014465665444731712	0.0006870371289551258	0.018495993688702583	0.012686834670603275	0.0071873958222568035	0.006444580852985382	0.0581769198179245	0.007731144316494465	0.0005312577122822404	0.0012406809255480766	0.002436563139781356
5	0.0327085517346859	0.03642759844660759	0.0704159364104271	0.04247581213712692	0.07317547500133514	0.02738477848470211	0.014865421690046787	0.060450006276369095	0.003980305045843124	0.2136755734682083	0.029302479699254036	0.04901830479502678	0.022654343396425247	0.020440179854631424	0.0076070684008300304	0.07086862623691559	0.08014487475156784	0.05627663433551788	0.022303301841020584	0.0658247321844101
6	0.07528116554021835	0.027811439707875252	0.08534638583660126	0.05952503904700279	0.10057226568460464	0.01993796043097973	0.050864338874816895	0.008062059991061687	0.008795205503702164	0.0058806282468140125	0.008397866040468216	0.07050099223852158	0.006414937321096659	0.06243398040533066	0.013117577880620956	0.16433879733085632	0.0621410608291626	0.03884371742606163	0.048954397439956665	0.08278017491102219
7	0.15949203073978424	0.010605929419398308	0.2420976161956787	0.06062128767371178	0.04294572025537491	0.025699902325868607	0.030655503273010254	0.0034739687107503414	0.02447107806801796	0.007043102756142616	0.0046628620475530624	0.03344900906085968	0.056834179908037186	0.024901170283555984	0.038548726588487625	0.12195376306772232	0.03974447026848793	0.01608249545097351	0.009642337448894978	0.047074850648641586
8	0.02784723974764347	0.011063885875046253	0.1721857488155365	0.08398997038602829	0.003251563059166074	0.03835896775126457	0.00886496901512146	0.014643393456935883	0.013348492793738842	0.024444008246064186	0.0025433499831706285	0.07685447484254837	0.20383304357528687	0.03261660784482956	0.02320648543536663	0.13972128927707672	0.08170831203460693	0.03539857268333435	0.0013911410933360457	0.004728452302515507
9	0.019909920170903206	0.01053376030176878	0.2101847529411316	0.1000387966632843	0.11444895714521408	0.010183712467551231	0.011232726275920868	0.04305155947804451	0.0021741779055446386	0.08891358971595764	0.019483694806694984	0.022509053349494934	0.05895203724503517	0.010734179988503456	0.007497087586671114	0.05255049094557762	0.0543355792760849	0.05335376039147377	0.0646766647696495	0.045235469937324524
